|name        |t90     |t90_error|flux_batse_64|flux_batse_64_error|
|GRB120403857|   4.288|    1.935|       0.6028|             0.2459|
|GRB120227725|  17.408|    0.810|      11.1926|             1.4290|
|GRB091026550|   8.960|    1.379|       4.1017|             2.0609|
|GRB110520302|  12.288|   11.336|       1.3290|             0.6345|
|GRB121216419|   9.216|    2.560|       1.4170|             0.5351|
|GRB101227195|  95.488|    1.639|       4.0541|             0.8583|
|GRB101116481|   0.576|    0.820|       3.0264|             0.6715|
|GRB110205027|   5.376|    3.278|       2.5646|             0.7061|
|GRB110825265|  48.128|    1.493|       1.2087|             0.3194|
|GRB120830212|  16.064|    3.649|       6.9431|             0.9959|
|GRB100325246|   8.192|    1.086|       1.6800|             0.7690|
|GRB100507577|  44.033|    5.221|       2.7745|             0.5211|
|GRB101024486|  20.224|    2.828|       5.4399|             1.1582|
|GRB110716018|   7.168|    1.747|       7.2233|             0.8325|
|GRB110819665|  16.384|    6.149|       9.0028|             1.6771|
|GRB090810659| 125.182|    1.846|       2.3818|             0.6586|
|GRB120114433|   2.752|    1.569|       1.5645|             0.4070|
|GRB121116459|   0.832|    0.590|       2.8964|             1.0116|
|GRB110212550|   0.064|    0.036|       9.4294|             0.7513|
|GRB100112418|  23.040|    0.572|       0.8865|             0.3359|
|GRB080714425|  40.192|    1.145|       1.0267|             0.4502|
|GRB091117080| 113.664|    2.360|       1.9950|             0.5106|
|GRB110517453|   0.576|    1.810|       3.0307|             0.5724|
|GRB090304216|   2.816|    0.923|       1.8007|             0.5238|
|GRB100604287|  13.440|    0.871|       3.4459|             1.1413|
|GRB090922605|  52.736|    1.810|       6.7756|             1.3863|
|GRB090513941|  11.776|    2.064|       0.9390|             0.3420|
|GRB091102607|   6.656|    3.435|       3.2088|             0.9132|
|GRB120827216|   5.056|    2.127|       4.4789|             0.8615|
|GRB100517639|   5.440|    0.604|       5.1803|             0.6365|
|GRB100926595|  32.256|    0.572|       3.9210|             0.7476|
|GRB090120627|   1.856|    0.181|       2.5430|             0.6284|
|GRB110618366| 163.843|   11.406|       5.2116|             1.1339|
|GRB090802666|  27.520|    6.192|       1.6360|             0.9782|
|GRB090516137| 110.594|    4.199|       2.2898|             0.4325|
|GRB130320560| 340.992|    1.619|      27.5084|             1.5005|
|GRB090606471|   8.064|    1.262|       2.4827|             1.1588|
|GRB120711115|  44.033|    0.724|      19.0531|             1.6832|
|GRB090927422|   0.512|    0.231|       2.4984|             1.0933|
|GRB080717543|  36.608|    2.985|       2.1388|             1.0308|
|GRB100429999|  25.024|    6.582|       2.1049|             0.6592|
|GRB120107384|  23.040|    0.143|       4.2045|             0.5458|
|GRB080905570|  26.624|    2.896|       1.8051|             1.2203|
|GRB130327350|  31.233|    0.724|       9.1079|             0.8223|
|GRB090725838|  13.760|    1.229|       1.7625|             1.1111|
|GRB130218261|  37.121|    3.665|       4.1691|             0.8862|
|GRB081226044|   0.832|    1.032|       3.3179|             0.8274|
|GRB090719063|  11.392|    0.466|      23.3736|             1.6086|
|GRB090411838|  21.501|    3.237|       4.4461|             0.8839|
|GRB100605774|   8.192|    2.862|       1.0825|             0.3920|
|GRB110316139|   2.944|    2.199|       1.8348|             0.3345|
|GRB081006604|   6.400|    0.923|       3.0622|             0.6229|
|GRB090524346|  54.337|    0.870|       6.4315|             0.8454|
|GRB100719311|   1.600|    0.854|       2.0187|             0.4377|
|GRB090819607|   0.192|    0.202|       4.1064|             0.6982|
|GRB110911071|   8.960|    4.352|       2.3739|             0.8176|
|GRB111107035|  12.032|    0.923|       1.2816|             0.5744|
|GRB090926181|  13.760|    0.286|      48.5334|             1.5612|
|GRB120919816|  20.480|    1.305|       1.7695|             0.4263|
|GRB120426090|   2.688|    0.091|      43.7121|             1.8532|
|GRB101011707|  36.352|    2.318|       2.2068|             0.6955|
|GRB090625560|  13.056|    1.145|       3.1334|             0.8042|
|GRB090602564|  20.736|    7.209|       1.1033|             0.5705|
|GRB101023951|  76.801|    8.256|      18.5693|             1.9277|
|GRB090924625|   0.352|    0.101|       4.7910|             0.8247|
|GRB110411629|  23.552|    1.950|       3.1535|             0.8285|
|GRB120921877|   5.632|    1.145|       7.3015|             0.8263|
|GRB090711850|  51.969|    2.560|       2.7305|             0.7867|
|GRB091017985|  44.800|    3.367|       1.1010|             0.3840|
|GRB081225257|  41.217|    5.667|       1.2995|             0.6323|
|GRB101213849|   5.120|    1.639|       3.5067|             0.4895|
|GRB110818860|  67.073|    3.916|       1.8521|             0.4111|
|GRB080905705| 105.984|    6.802|       1.1278|             0.4222|
|GRB090717034|  65.537|    1.557|       8.2948|             0.9171|
|GRB081204004|   7.424|    1.846|       2.7693|             0.6590|
|GRB121217313| 828.672|   11.363|       2.5302|             0.7105|
|GRB110521478|   6.141|    0.809|       8.2643|             1.2392|
|GRB111003465|  16.640|    1.056|      10.9588|             0.7005|
|GRB130406288|   7.936|    1.305|       7.3664|             0.6079|
|GRB110929187|   5.120|    0.572|       3.6688|             0.5434|
|GRB120119229|  41.728|    1.557|       2.6775|             0.6035|
|GRB080719529|  16.128|   17.887|       0.5929|             0.1768|
|GRB120304061|   9.984|    1.055|       3.7796|             0.3011|
|GRB081006872|   3.328|    1.305|       1.9862|             0.4989|
|GRB091231206|  42.561|    3.664|       2.3535|             0.6302|
|GRB130304658|  23.296|    4.382|       2.5197|             0.7080|
|GRB081121858|  41.985|    8.510|       7.1650|             1.2484|
|GRB120511638|  45.249|    2.940|       3.8253|             0.8090|
|GRB080714745|  59.649|   11.276|       4.4107|             1.6625|
|GRB080723557|  58.369|    1.985|      21.1932|             1.7891|
|GRB100225115|  12.992|    1.925|       3.4893|             0.6054|
|GRB100916779|  12.800|    2.111|      10.1017|             1.3329|
|GRB120909070| 112.066|   10.419|       2.2902|             0.5056|
|GRB101208498|   2.048|    0.951|      22.1601|             1.1590|
|GRB120210650|   1.344|    0.264|       3.8030|             0.4397|
|GRB110207959|   7.680|    4.944|       0.9106|             0.3202|
|GRB111015427|  92.737|    3.319|       5.7958|             0.9101|
|GRB130206817|  91.585|   12.332|       1.8236|             0.4654|
|GRB090510325|   7.424|    1.717|       0.8137|             0.3153|
|GRB090117640|  15.552|    4.580|       2.8158|             0.9840|
|GRB120220210|  21.248|    1.639|       1.6099|             0.4123|
|GRB091031500|  33.921|    0.462|       5.4731|             0.8507|
|GRB081008832| 126.722|    2.360|       2.0346|             0.4802|
|GRB130127299|  19.456|    2.721|       1.0353|             0.3957|
|GRB110319815|  31.232|    5.049|       2.4371|             0.8083|
|GRB110801335|   0.384|    0.326|       6.1003|             1.2103|
|GRB080916406|  46.337|    7.173|       4.2032|             0.6666|
|GRB111009282|  20.736|    4.221|       8.5696|             0.8111|
|GRB111220486|  39.041|    5.101|      19.4028|             1.0168|
|GRB090519462|  91.329|    3.692|       1.6529|             0.9150|
|GRB080916009|  62.977|    0.810|       7.3213|             0.6874|
|GRB100825287|   3.328|    1.846|       2.6515|             0.6252|
|GRB120316008|  26.624|    0.362|       6.2598|             0.8927|
|GRB110205588| 158.720|    2.290|       1.8056|             0.8354|
|GRB101224578|  44.737|    0.889|       1.8457|             0.3847|
|GRB121112806|   1.280|    1.358|       2.2883|             0.4940|
|GRB120510900|  62.465|    3.908|       1.4289|             0.4909|
|GRB130228212|  15.677|    0.627|      14.4004|             1.9907|
|GRB080928628|  14.336|    4.007|       1.6946|             0.3101|
|GRB090213236|  20.224|    6.192|       1.3272|             0.4329|
|GRB081129161|  62.657|    7.318|       9.7753|             1.2582|
|GRB120331055|  16.384|   10.367|       6.0476|             0.8749|
|GRB090720710|  10.752|    1.056|      18.0365|             0.9751|
|GRB120728934|  32.768|    2.429|       3.3182|             0.7558|
|GRB100715477|  14.848|    3.665|       1.6846|             0.6092|
|GRB081109293|  58.369|    5.221|       1.7046|             0.7043|
|GRB100201588| 141.059|    4.048|       2.3653|             0.5046|
|GRB090308734|   1.664|    0.286|       6.2012|             0.7141|
|GRB120117291|   3.328|    1.600|       1.1212|             0.3650|
|GRB110227009|   1.728|    0.653|       1.8717|             0.4900|
|GRB110930564|  37.889|    5.431|       2.4985|             0.6558|
|GRB100204566|  32.513|    2.862|       2.4566|             1.2568|
|GRB080804972|  24.704|    1.460|       2.5181|             0.6813|
|GRB100313288|  12.864|    2.099|       4.4490|             0.7239|
|GRB120521380|  91.134|    4.222|       1.3928|             0.3791|
|GRB120420249|  25.600|    4.419|       2.1038|             0.5276|
|GRB121127914|   0.640|    0.405|       9.8637|             0.8958|
|GRB090412061|   0.896|    0.264|       2.3680|             0.5713|
|GRB080831053|   0.576|    1.168|       2.6781|             0.5759|
|GRB100620119|  51.841|    8.518|       2.6606|             0.8557|
|GRB090920035|  26.624|    1.056|       2.1945|             1.4479|
|GRB110319628|  15.104|    1.379|       1.3181|             0.4883|
|GRB101014175| 449.415|    1.409|      36.2838|             1.5091|
|GRB090805622|  46.592|    2.318|       2.3152|             1.4477|
|GRB110706477|  73.217|   14.612|       2.1397|             0.4559|
|GRB081215880|   7.680|    2.064|       3.0771|             0.7406|
|GRB090418816|   0.320|    0.405|       3.1000|             0.5625|
|GRB120709883|  27.328|    0.958|      10.9079|             0.7653|
|GRB100819498|  12.544|    1.810|       1.9789|             0.7094|
|GRB091207333|  27.073|    0.916|       2.5778|             0.8040|
|GRB121205507|   2.816|    0.231|       0.8985|             0.4019|
|GRB101013412|  15.360|    0.572|       4.7766|             0.9044|
|GRB090309767|  56.513|    5.146|       1.9979|             0.7370|
|GRB091015129|   3.840|    0.590|       2.9178|             0.9700|
|GRB130121835| 178.691|    1.145|      15.7164|             1.3085|
|GRB101227536|  28.864|    3.088|       4.3524|             0.6267|
|GRB110322558|  36.097|    1.846|       2.2365|             0.4517|
|GRB100424729| 175.363|    1.086|       2.4799|             0.6120|
|GRB120314412|   1.280|    1.086|       0.9653|             0.3055|
|GRB120212353|   0.864|    0.577|       3.8642|             0.6844|
|GRB100204024|  49.665|    1.379|       2.7164|             0.4766|
|GRB080815917|   0.832|    0.320|       2.6158|             0.8815|
|GRB121027038| 166.915|    3.692|       1.5129|             0.6440|
|GRB081226509|   0.192|    0.143|       5.1292|             0.7772|
|GRB120801920| 479.239|   23.752|       6.9120|             1.7595|
|GRB090706283|  57.857|    7.442|       1.4904|             0.5482|
|GRB130403866|  22.784|    5.838|       1.6509|             0.4710|
|GRB120203812|  10.240|    2.429|       2.7971|             0.7420|
|GRB090630311|   2.880|    0.320|       2.7945|             0.8267|
|GRB090320418|   7.936|    1.296|       1.4856|             0.4908|
|GRB110125894|   4.800|    0.923|       1.3348|             0.4644|
|GRB120304248|   5.376|    0.572|      12.7757|             0.9878|
|GRB100718160|  32.641|    1.864|       2.9767|             0.4798|
|GRB100918863|  88.834|    0.810|       7.7660|             0.8732|
|GRB090427644|   1.024|    0.362|       1.4233|             0.5956|
|GRB110228011|  44.481|    2.834|       3.1553|             0.7346|
|GRB120728434| 100.481|    6.623|      17.7005|             1.2164|
|GRB110817191|   5.949|    0.572|      14.4079|             0.8515|
|GRB120926753|   3.072|    2.064|       1.3252|             0.3898|
|GRB120701654|   1.024|    1.451|       1.5601|             0.4982|
|GRB120919309|  21.248|    1.810|      13.7790|             0.7534|
|GRB120319983|  72.448|    7.832|       1.2304|             0.4049|
|GRB110511616|   5.888|    1.639|       0.8248|             0.4051|
|GRB120323162|   4.352|    0.724|       4.5983|             0.5951|
|GRB111024722|  65.025|    1.639|       6.1271|             0.6637|
|GRB120611108|  49.921|    1.639|       3.6036|             0.5179|
|GRB100517132|  19.840|    3.620|       1.4957|             0.7100|
|GRB110720177|  11.200|    0.602|       3.4163|             0.4863|
|GRB121014638|   0.576|    0.979|       1.5854|             0.3675|
|GRB101004426| 161.027|    7.836|       2.0049|             0.4971|
|GRB090514734|  54.401|    4.077|       2.2199|             0.9722|
|GRB090928646|  15.616|    2.611|       2.7837|             1.1254|
|GRB120719146|  75.009|    3.114|       3.3114|             0.5789|
|GRB081118876|  20.736|    1.379|       3.4075|             0.7705|
|GRB090320045|   2.368|    0.272|       0.9306|             0.5751|
|GRB090623107|  47.105|    2.573|       5.0053|             0.7727|
|GRB111103948|   0.320|    0.181|       4.3165|             0.6167|
|GRB090620901|   0.960|    0.272|       1.7645|             0.7142|
|GRB090227310|  16.189|    0.831|       3.9057|             0.6142|
|GRB121109338|  22.144|    2.919|       3.1278|             0.6711|
|GRB090701225|   4.160|    0.692|       1.6937|             0.7240|
|GRB080823363|  43.456|    1.717|       2.2330|             0.7904|
|GRB130404840|  34.561|    2.573|       5.1990|             0.6747|
|GRB090610723| 146.434|    4.419|       1.7948|             0.4928|
|GRB090328401|  61.697|    1.810|      11.9032|             0.8416|
|GRB110709862|   5.376|    1.493|       2.2229|             0.5291|
|GRB090327404|  14.080|    1.379|       1.6484|             0.6980|
|GRB090117335|  27.264|    1.286|       1.9683|             0.5003|
|GRB110420946|   0.128|    0.516|       6.7237|             1.0930|
|GRB100907751|   5.376|    2.187|       1.8131|             0.4798|
|GRB110118857|  34.561|    2.360|       3.6170|             0.4948|
|GRB110625579|  33.281|    4.924|       1.7975|             0.4903|
|GRB120121101|  18.432|    3.727|       1.5275|             0.3844|
|GRB100625773|   0.240|    0.276|      10.5278|             1.7156|
|GRB101205309|   7.936|    5.938|       0.9496|             0.4069|
|GRB090316311|  10.240|    1.557|       4.2465|             0.5247|
|GRB090907017|  39.489|    4.443|       2.7195|             1.0253|
|GRB090926914|  64.001|    1.557|       2.9541|             0.5855|
|GRB090117632|  86.017|    2.862|       2.6770|             0.5935|
|GRB101224998|  18.688|    8.719|       2.3367|             0.6480|
|GRB110609425|  33.024|    2.896|       1.4089|             0.3358|
|GRB110721200|  21.822|    0.572|      16.9907|             0.8404|
|GRB111107076|  77.185|    0.810|       2.3005|             0.4441|
|GRB101206036|  34.813|    5.837|       3.0545|             0.9436|
|GRB120919052| 118.018|    0.362|       7.3622|             0.6980|
|GRB120612687|   0.256|    0.453|       5.8264|             0.8232|
|GRB090608052|  21.504|    2.290|       1.4402|             0.8005|
|GRB110702187|  34.369|    5.736|       3.2202|             0.6985|
|GRB100118100|   9.216|    6.720|       1.7381|             0.9688|
|GRB111120556|  98.626|    2.970|       2.0557|             0.4846|
|GRB120926426|  60.161|    3.482|       2.9657|             0.7334|
|GRB101102840|  43.520|    6.676|       0.8196|             0.2102|
|GRB091112737|  24.576|    0.923|       2.9359|             0.7999|
|GRB120222119|  29.440|    5.382|       2.2885|             0.5641|
|GRB090718762|  23.744|    0.802|      15.5423|             1.2895|
|GRB090531775|   0.768|    0.231|       2.7407|             0.5620|
|GRB100805845|  58.430|    6.426|       3.9244|             0.6919|
|GRB090528173|  35.905|    2.187|       2.1824|             0.8407|
|GRB081231140|  28.736|    2.611|       7.2987|             1.0547|
|GRB120908873|  46.849|    2.611|       4.1292|             0.7679|
|GRB100504806|  16.512|    1.810|       0.9594|             0.3587|
|GRB100510810|  31.169|    4.017|       2.8118|             1.0627|
|GRB111025078|  51.712|    2.202|       1.8058|             0.5808|
|GRB101128322|   8.192|    1.493|       1.6972|             0.3857|
|GRB121225417|  58.497|    0.820|      14.0193|             0.9826|
|GRB100910818|  13.824|    0.724|      17.0005|             0.7795|
|GRB090427688|  12.288|    1.280|       1.7463|             0.4841|
|GRB101219686|  51.009|    1.775|       1.4913|             0.3539|
|GRB090310189| 116.930|    1.056|       2.8970|             0.7961|
|GRB120707800|  40.960|    4.238|      28.3366|             2.5273|
|GRB110409179|   0.128|    0.143|       6.7147|             0.6123|
|GRB090829672|  67.585|    2.896|      25.4431|             1.3509|
|GRB081222204|  18.880|    2.318|       6.6293|             0.9266|
|GRB110616648|  12.544|    2.611|       1.1909|             0.6229|
|GRB110509142|  68.864|    2.757|       1.3128|             0.5034|
|GRB120119354|  16.896|    3.278|       2.2712|             0.4712|
|GRB081213173|   0.256|    0.286|       2.9649|             0.5755|
|GRB080808451|   4.352|    0.832|       1.2053|             0.4520|
|GRB120506128|   2.304|    1.379|       1.2207|             0.3866|
|GRB091101143|  10.688|    0.842|       8.7035|             1.1450|
|GRB090626189|  48.897|    2.828|      27.2604|             1.8483|
|GRB111109453|   4.864|    2.757|       0.9532|             0.4539|
|GRB080812889|  15.040|    0.462|       1.6780|             0.7126|
|GRB090108322|   0.192|    0.143|       4.6506|             0.6805|
|GRB111022854|   0.192|    0.707|       3.7842|             0.5407|
|GRB090129880|  16.640|    3.328|       3.9161|             0.7735|
|GRB110505203|   4.096|    0.545|       3.4319|             0.5055|
|GRB120526303|  43.649|    1.002|      12.6267|             2.0700|
|GRB120429484|  15.360|    1.619|       1.8719|             0.4384|
|GRB130112353|   2.048|    1.557|       4.2181|             0.6001|
|GRB081206604|   7.936|    4.382|       0.6616|             0.2411|
|GRB120415076|  12.544|    4.128|       2.6864|             0.4764|
|GRB120711446|  87.552|    3.874|       0.7284|             0.3417|
|GRB090513916|  25.280|    7.146|       2.1172|             0.7731|
|GRB111010660|   8.704|    2.111|       1.6051|             0.4354|
|GRB120811014|   0.448|    0.091|       8.1559|             0.9514|
|GRB090101758| 108.802|    1.619|       6.4406|             0.9502|
|GRB120710100| 131.840|    1.056|       1.9917|             0.4407|
|GRB091122163|   2.944|    1.280|       0.9230|             0.5387|
|GRB120219563|   8.128|    0.429|       0.7757|             0.2482|
|GRB101214993|  11.520|    3.665|       1.6586|             0.3948|
|GRB091006360|   0.192|    0.091|       2.4740|             0.5243|
|GRB090112332|  58.369|    4.783|       3.4438|             0.5955|
|GRB080904886|  17.344|    1.385|       3.7917|             1.2255|
|GRB111221739|  27.136|    7.186|      10.6449|             1.3495|
|GRB120703726|   8.960|    1.379|      11.9173|             0.7250|
|GRB091123298| 624.459|    3.367|       4.3698|             0.7415|
|GRB100306199|   7.168|    2.064|       1.3160|             0.3962|
|GRB110703557|   6.720|    1.619|       2.8931|             0.4360|
|GRB101101899|  31.232|    1.619|       1.4816|             0.4395|
|GRB100517072|  55.808|    1.810|       3.9722|             0.9518|
|GRB110904163|  51.457|    4.128|       2.2663|             0.4238|
|GRB120830297|   0.896|    0.231|       5.0566|             0.7302|
|GRB090621417|  27.009|    6.136|       2.3568|             0.7029|
|GRB110731465|   7.485|    0.572|      12.2549|             0.9521|
|GRB090509215| 282.372|    3.167|       2.3058|             0.4942|
|GRB101214748|   2.240|    2.084|       5.0164|             0.7551|
|GRB121029350|  15.808|    0.572|      12.7387|             0.7148|
|GRB100326294|   5.632|    2.064|       2.8429|             0.5056|
|GRB081101532|   8.256|    0.889|       6.2410|             1.3859|
|GRB130406334|  88.832|    3.444|       2.5842|             0.7198|
|GRB110921912|  17.664|    0.345|      19.4147|             1.2079|
|GRB100311518|   9.024|    1.042|       2.3293|             0.8358|
|GRB100207665|  15.360|    3.874|       1.7696|             0.8981|
|GRB130209961|   9.790|    0.408|       6.6967|             0.6558|
|GRB110920546| 160.771|    5.221|       9.2534|             0.8625|
|GRB101002279|   7.168|    2.290|       1.0043|             0.4068|
|GRB100101028|   2.816|    0.320|       2.2897|             0.7876|
|GRB081028538|  13.312|    1.280|       3.1444|             0.8462|
|GRB100619015|  96.002|    1.319|       3.3307|             1.0158|
|GRB110509475|   0.640|    0.779|       4.9909|             0.5519|
|GRB101117496|  50.177|    1.639|       2.7254|             0.5998|
|GRB110522633|  58.112|    2.828|       3.4219|             0.5397|
|GRB100816009|  62.401|    5.278|       4.6276|             1.3468|
|GRB090510016|   0.960|    0.138|      16.2244|             1.5804|
|GRB120817168|   0.160|    0.113|      19.2841|             1.4443|
|GRB101017619|  47.872|    1.950|       1.1239|             0.3250|
|GRB100325275|   7.104|    1.619|       4.5335|             0.6307|
|GRB090828099|  68.417|    3.167|       7.0585|             1.2075|
|GRB120920003|  28.160|    4.382|       1.0604|             0.3404|
|GRB120608489|   0.960|    1.611|       4.1761|             0.6471|
|GRB120908938|  66.945|    2.988|       2.2235|             0.5731|
|GRB100421917|  62.465|    1.639|       2.2867|             0.5470|
|GRB081021398|  26.112|    3.974|       2.8570|             1.0690|
|GRB090904058|  56.065|    1.846|       3.5713|             0.6687|
|GRB110725236|  20.224|    1.056|       2.4272|             0.4588|
|GRB100922625|   4.352|    0.923|       0.6182|             0.2499|
|GRB090908341|  36.864|    0.923|       2.7233|             0.7099|
|GRB121028280|  11.008|    2.360|       1.7332|             0.3781|
|GRB090909854|   1.152|    2.244|       2.6591|             0.4542|
|GRB120619884|   0.960|    0.960|       2.7166|             0.6144|
|GRB100929916|   0.320|    0.143|       7.8795|             1.0768|
|GRB100130729|  99.586|    2.415|       4.1581|             0.6175|
|GRB120412055|   9.728|    3.566|       1.7663|             0.5010|
|GRB081221681|  29.697|    0.410|      12.0097|             1.3594|
|GRB100704149| 171.523|    2.673|       4.6822|             0.6790|
|GRB101227406| 153.347|    2.573|       4.3738|             0.5870|
|GRB090514726|   2.240|    0.286|       7.1787|             1.0333|
|GRB090228204|   0.448|    0.143|      60.9947|             2.1860|
|GRB110909116|  20.736|    1.639|      12.3340|             2.5990|
|GRB120504945|   5.760|    0.779|       2.4778|             0.6627|
|GRB090307167|  29.440|    1.810|       0.8079|             0.2558|
|GRB110828575|  44.673|    7.534|       1.7112|             0.4853|
|GRB101021009| 120.770|   12.237|       6.5435|             2.2815|
|GRB091026485|   3.328|    0.779|       2.3528|             0.9582|
|GRB120102416|  20.224|    2.769|       2.3252|             0.5237|
|GRB080805584|  65.665|   14.676|       1.6583|             0.7814|
|GRB080831921|  74.497|    1.243|       2.2372|             0.9326|
|GRB100826957|  84.993|    0.724|      17.4432|             0.9866|
|GRB091018957|   0.192|    0.286|       5.7692|             2.6756|
|GRB100205490|  14.848|    2.290|       1.5845|             0.8036|
|GRB091010113|   5.952|    0.143|      37.3350|             1.7486|
|GRB110730008|  28.416|    2.919|       1.1841|             0.3738|
|GRB090621447|  26.112|    5.655|       1.3675|             0.3570|
|GRB101126198|  43.837|    1.747|       8.8849|             0.9702|
|GRB130219197| 168.003|    2.172|       2.4327|             0.4251|
|GRB100730463|  63.873|    8.776|       2.1970|             0.6678|
|GRB120805706|   1.856|    1.296|       0.7635|             0.4449|
|GRB111203609|  22.016|    6.734|       1.5047|             0.3914|
|GRB111230819|  12.736|    1.145|       4.0995|             0.5693|
|GRB110209165|   5.632|    0.916|       1.6051|             0.5927|
|GRB100304534|  19.008|    2.782|       2.5028|             1.1040|
|GRB110410772|   7.424|    0.810|       1.8111|             0.4883|
|GRB110321346|  30.720|   10.764|       0.6653|             0.3383|
|GRB091120191|  50.177|    2.111|      10.9465|             1.0817|
|GRB100727238|  23.808|    2.769|       0.6586|             0.2494|
|GRB100107074|   0.576|    0.465|       6.4307|             1.4885|
|GRB101216721|   1.917|    0.551|      11.5359|             0.8528|
|GRB100204858|   1.920|    2.375|       1.9996|             0.8645|
|GRB090502777|  66.048|    1.619|       2.9128|             0.5145|
|GRB120922939| 182.275|   19.777|       1.1251|             0.4053|
|GRB111114233|  22.016|    2.673|       1.2362|             0.2951|
|GRB120712571|  22.528|    5.431|       2.4895|             0.4066|
|GRB090520850|   3.776|    0.923|       4.2852|             1.0023|
|GRB080723913|   0.192|    0.345|       2.6242|             0.6576|
|GRB100615083|  37.377|    0.979|       3.4196|             0.8172|
|GRB100324172|  17.920|    2.064|      20.8358|             1.2602|
|GRB091126333|   0.192|    0.091|       6.1876|             0.9152|
|GRB120916085|   1.280|    1.493|       2.5283|             0.3969|
|GRB090426066|  16.128|    5.152|       1.4025|             0.3292|
|GRB091127976|   8.701|    0.571|      31.0804|             2.0418|
|GRB081125496|   9.280|    0.607|      14.9030|             1.8278|
|GRB130325203|   6.912|    0.724|       7.7686|             0.5639|
|GRB080905499|   0.960|    0.345|       4.5539|             0.5659|
|GRB121123442|  42.497|    1.999|       4.0645|             0.6363|
|GRB100126460|  10.624|   12.673|       2.3844|             0.8172|
|GRB090820509|  15.296|    4.610|       4.2518|             0.8167|
|GRB100323542|  60.673|    3.620|       2.3464|             0.9307|
|GRB100820373|   8.960|    2.187|       7.9086|             0.5699|
|GRB081101167|   9.984|    9.051|       1.7261|             0.5312|
|GRB100814160| 150.530|    1.619|       3.4762|             0.5968|
|GRB120212383|   9.216|    0.724|       1.5822|             0.4407|
|GRB090520876|  30.657|    0.859|       2.7061|             0.8589|
|GRB121231445|  32.768|    5.152|       1.4508|             0.4760|
|GRB081012549|  30.721|    5.615|       1.4506|             0.6874|
|GRB111207512|   0.768|    1.145|       1.9027|             0.4482|
|GRB090823133|  58.113|    4.404|       1.5108|             0.4310|
|GRB090810781|  62.977|   11.865|       1.5782|             0.7103|
|GRB120130699|  27.776|    0.694|       4.7176|             0.7902|
|GRB100221368|  23.552|    1.032|       1.3811|             0.6695|
|GRB110204179|  28.672|    6.720|       2.3397|             0.6144|
|GRB101129652|   0.384|    0.143|       7.1727|             0.7296|
|GRB081230871|   0.512|    0.272|       2.3662|             0.6189|
|GRB130310840|  16.000|    2.561|      78.9507|             1.7265|
|GRB110105877| 123.394|    6.476|       4.9437|             0.6981|
|GRB080817720|   4.416|    0.363|       4.1667|             0.9219|
|GRB100224112|  67.329|    6.988|       6.8141|             1.0618|
|GRB130127743|   0.144|    0.804|       4.8473|             0.4791|
|GRB120410585|   1.088|    1.180|       4.6053|             0.5601|
|GRB121119579|   2.304|    0.429|       4.8543|             0.6666|
|GRB090518244|   6.784|    1.000|       3.8505|             1.0000|
|GRB110526715|   0.448|    0.045|       6.4217|             0.8931|
|GRB101030664|  95.746|    4.375|       1.0965|             0.4308|
|GRB080817161|  60.289|    0.466|       8.1360|             1.0415|
|GRB120831901|   0.384|    0.547|       5.3308|             0.7674|
|GRB101201418| 112.639|    7.455|       3.0177|             0.4838|
|GRB111117526|  23.808|    1.717|       1.4938|             0.4135|
|GRB080807993|  19.072|    0.181|       9.2331|             0.8177|
|GRB110410133|  61.952|    1.379|       1.6824|             0.4150|
|GRB110624906|   3.520|    1.134|       0.9119|             0.3402|
|GRB110901230|  22.528|    5.620|       0.9324|             0.3899|
|GRB100207721|  17.728|    6.492|       0.7419|             0.5987|
|GRB100301068|   0.960|    1.002|       5.2006|             1.0512|
|GRB100728095| 165.378|    2.896|       7.1651|             0.5400|
|GRB100722096|   7.165|    1.055|      17.5033|             0.9010|
|GRB120524134|   0.704|    0.466|       5.4878|             0.7836|
|GRB110523344|  44.544|    2.611|       3.3383|             0.5902|
|GRB111001804|   0.384|    1.361|       2.0170|             0.4612|
|GRB130114019|   8.704|    1.846|       1.3588|             0.3447|
|GRB110318552|  14.464|    1.094|       7.3271|             0.5917|
|GRB081017474|  28.416|    2.757|       1.7846|             0.4459|
|GRB111010899|  18.560|    2.988|       1.4731|             0.4277|
|GRB110717319|  90.369|    0.810|      10.0122|             0.8884|
|GRB081124060|  19.456|    1.086|       2.1683|             1.1452|
|GRB120913997| 130.050|    3.566|       2.7965|             0.4838|
|GRB130131511| 147.459|    1.145|       4.9145|             0.8371|
|GRB080808772| 210.178|    5.976|       1.5163|             0.4103|
|GRB080725435|  25.920|    1.208|       2.4756|             0.7678|
|GRB091002685|   2.752|    3.089|       1.7013|             0.5942|
|GRB110809461|  12.544|    4.615|       4.1779|             0.7309|
|GRB090516853|  14.464|    3.093|       4.8990|             1.0663|
|GRB120426585|  30.973|    3.620|       1.9393|             0.4171|
|GRB080828189|   3.008|    3.329|       2.1249|             0.5268|
|GRB091020977|  37.505|    0.905|       4.9299|             0.6049|
|GRB110117626|  43.264|    1.639|       2.4297|             0.5992|
|GRB091013989|  38.400|    2.996|       1.5627|             0.5215|
|GRB111011094|   1.472|    0.771|       8.6059|             0.6902|
|GRB100322045|  37.121|    0.362|      11.7287|             0.8969|
|GRB110120666|  26.173|    1.568|       9.6867|             0.9458|
|GRB120820585| 107.522|    9.159|       1.1645|             0.2581|
|GRB110407998|   9.024|    0.091|      11.0377|             0.7902|
|GRB100218194|  29.185|    5.813|       1.3461|             0.5114|
|GRB121229533|  23.037|    1.810|       2.4178|             0.5132|
|GRB121123421| 102.338|   31.849|       2.5300|             0.5197|
|GRB090516353| 123.138|    2.064|       2.8344|             0.6586|
|GRB090917661|  26.624|    1.134|       1.5668|             0.3534|
|GRB130306991| 120.578|    5.515|      16.0483|             2.8112|
|GRB110803783| 186.883|    2.986|       0.9318|             0.3170|
|GRB101127102|  60.672|    7.322|       0.9293|             0.3995|
|GRB090804940|   5.568|    0.362|      19.3961|             1.6829|
|GRB110424758|   0.672|    1.120|       2.7743|             0.5479|
|GRB100926694|  37.888|    2.611|       1.4363|             0.3889|
|GRB121004211|   1.536|    0.572|       2.4985|             0.5784|
|GRB090514006|  43.521|    1.739|       4.0469|             0.7548|
|GRB110923835|  46.398|   11.279|       2.3681|             0.4906|
|GRB130123843|  22.016|    1.448|       1.7812|             0.3883|
|GRB110207470|  37.888|    2.290|       4.7831|             0.6384|
|GRB081024851|  56.065|    2.064|       1.8218|             0.7296|
|GRB110503145|   7.936|    1.145|       2.5350|             0.4735|
|GRB111103441|  11.968|    6.426|       3.8644|             0.6123|
|GRB120402669|  20.224|    0.810|       3.0430|             0.3637|
|GRB100517154|  30.464|    0.810|       6.9666|             0.7536|
|GRB090720276|   4.480|    1.086|       5.7647|             0.8377|
|GRB110227420|  25.600|    6.869|       1.7362|             0.4858|
|GRB110108977|  51.456|    6.955|       1.0587|             0.5880|
|GRB120119170|  55.297|    6.229|       8.7469|             0.7728|
|GRB090426690|   7.488|    2.496|       3.0287|             0.7823|
|GRB090829702| 101.633|    2.290|       1.8391|             0.5760|
|GRB120907017|   5.760|    1.778|       3.6694|             0.9123|
|GRB090405663|   0.448|    1.498|       3.9952|             0.5286|
|GRB090413122|  32.513|    4.360|       2.5008|             0.6697|
|GRB081120618|  25.344|    0.923|       1.6676|             0.4537|
|GRB120817057|  36.864|    4.672|       0.9876|             0.2851|
|GRB081206987|  22.528|    2.919|       0.8511|             0.4074|
|GRB090319622|  54.785|    2.202|       2.1205|             0.4866|
|GRB120429003|   1.664|    0.968|       2.5810|             0.5060|
|GRB110426629| 356.357|    4.345|       2.1840|             0.5584|
|GRB120129312|   1.280|    0.689|       1.0076|             0.3084|
|GRB101025146|  14.336|    1.846|       0.5883|             0.2112|
|GRB090217206|  33.281|    0.724|       6.9145|             0.6878|
|GRB100401297|  92.416|    4.291|       1.7795|             0.3806|
|GRB090330279|  75.265|    1.379|       3.6331|             0.4815|
|GRB100516369|   2.112|    1.134|       3.1375|             0.4922|
|GRB130213905|  15.360|    6.557|       0.7504|             0.4148|
|GRB110717180|   0.112|    0.072|      10.9482|             1.0846|
|GRB111113410|  15.360|    1.639|       2.8960|             0.4531|
|GRB101031625|   0.384|    0.462|       5.2254|             0.7351|
|GRB110618760|  89.601|    4.291|       2.6606|             0.5357|
|GRB120223933|  14.336|    2.360|       2.5903|             0.5733|
|GRB120604220|  10.496|    5.615|       3.4456|             0.5638|
|GRB090326633|  16.128|    3.208|       1.9027|             0.8248|
|GRB120118709|  37.825|   12.586|       1.6505|             0.5308|
|GRB090929190|   6.174|    1.298|      14.8973|             1.6586|
|GRB120411925|  38.912|    1.493|       1.1296|             0.3362|
|GRB080912360|  16.384|    2.896|       1.2301|             0.5796|
|GRB101104810|   1.280|    0.572|       3.1982|             0.7061|
|GRB111017657|  11.072|    0.410|       9.4089|             0.7212|
|GRB080818579|  59.329|    8.749|       3.7108|             0.7729|
|GRB100330856|   5.120|    0.453|       1.3571|             0.6712|
|GRB080816989|   4.608|    0.453|       4.1140|             0.6171|
|GRB110528624|  69.633|    5.526|       1.5845|             0.4482|
|GRB090718720|  76.481|    3.416|       1.6405|             1.0180|
|GRB100707032|  81.793|    1.218|      31.9553|             1.7219|
|GRB090625234|  14.336|    0.923|       1.4528|             0.4669|
|GRB080906212|   2.875|    0.767|      13.0213|             0.7543|
|GRB110921444| 149.507|   10.691|       1.3790|             0.4041|
|GRB111008992|  42.496|    4.128|       0.9566|             0.3324|
|GRB081130629|  39.169|    3.620|       2.9847|             0.5717|
|GRB080825593|  20.992|    0.231|      16.6504|             1.0892|
|GRB100420008|  19.712|    1.144|       3.8036|             0.5036|
|GRB100511035|  42.433|    1.478|      11.8884|             1.0575|
|GRB101016243|   3.840|    0.362|       5.8847|             0.5235|
|GRB121023322|   0.512|    0.181|       5.3505|             0.7217|
|GRB100829374|  94.977|    2.767|       3.9284|             0.5695|
|GRB090616157|   1.152|    1.168|       1.5740|             0.6985|
|GRB120204054|  49.089|    0.429|      16.6430|             0.8581|
|GRB121031949| 242.436|    4.404|       2.6658|             0.5548|
|GRB110613631|  40.193|    3.874|       1.2051|             0.3989|
|GRB100427356|  12.544|    7.389|       2.8539|             0.8222|
|GRB090713020|  82.817|    2.318|       2.6461|             0.7894|
|GRB110605780|   1.536|    1.056|       2.0716|             0.3975|
|GRB121008424|   3.456|    0.345|       1.9550|             0.5012|
|GRB080824909|   7.424|    2.005|       5.9357|             0.9564|
|GRB080913735|  41.217|    7.281|       2.7026|             0.8136|
|GRB110730660|  33.856|    1.811|       3.4781|             0.7911|
|GRB120604343|  12.032|    3.278|       1.1567|             0.3763|
|GRB100122616|  22.529|    2.769|      11.0517|             1.6870|
|GRB090815300|  48.385|    1.086|       1.0025|             0.4379|
|GRB100701490|  22.016|    5.568|      24.7070|             1.9317|
|GRB120618919|  47.616|   12.299|       4.6654|             0.9960|
|GRB081122614|   0.192|    0.091|       3.6237|             0.5083|
|GRB121005030|  96.768|    3.556|       2.7656|             0.8621|
|GRB090202347|  12.608|    0.345|       4.0042|             0.7730|
|GRB111024896|   0.960|    1.032|       3.4995|             0.7445|
|GRB091202072|  27.648|    3.566|       1.8356|             0.7050|
|GRB130214137|  96.768|    5.443|       0.8116|             0.3111|
|GRB100612726|   8.576|    3.210|      11.8137|             1.1340|
|GRB100810049|   2.560|    1.741|       1.3288|             0.4597|
|GRB110923481|   1.664|    0.264|       0.8130|             0.2243|
|GRB120218276| 256.260|    5.221|       1.5787|             0.4467|
|GRB100117879|   0.256|    0.834|       5.2259|             0.8568|
|GRB130305526| 118.528|   15.691|       0.9874|             0.4014|
|GRB120121251|  37.121|   11.876|       3.5793|             0.5530|
|GRB120915474|   5.888|    0.923|       1.1591|             0.3174|
|GRB100330309|  10.048|    0.318|       3.7825|             0.5035|
|GRB100717372|   5.952|    1.507|       1.8156|             0.4412|
|GRB120629565|   0.704|    1.026|       0.8285|             0.2120|
|GRB101026034|   0.256|    0.091|       7.4740|             1.0165|
|GRB130214800|  13.760|    1.639|       3.5723|             0.4529|
|GRB081101491|   0.128|    0.091|       3.3191|             0.8013|
|GRB090826068|   8.704|    2.862|       1.7619|             0.6808|
|GRB090809978|  11.008|    0.320|      13.5576|             1.1649|
|GRB090519881|  74.177|    5.177|       1.1496|             0.6199|
|GRB101113483|  12.288|    0.572|       1.9792|             0.4172|
|GRB130324042|  56.320|    2.862|       1.1164|             0.3276|
|GRB100225580|   6.400|    1.086|       7.0261|             0.8226|
|GRB100728439|  10.240|    1.846|       3.2973|             0.5178|
|GRB080810549|  75.201|    3.638|       2.8797|             0.5207|
|GRB100326402| 144.130|   26.959|       2.3012|             0.5603|
|GRB090518080|   2.048|    0.410|       1.9504|             1.1550|
|GRB091230260|  62.976|    3.874|       0.9707|             0.3184|
|GRB101129726|   0.576|    0.202|       8.7222|             0.6743|
|GRB090409288|  30.337|    2.796|       1.1153|             0.7503|
|GRB120531393|  25.344|    7.186|       0.9966|             0.3818|
|GRB110824009|  76.607|    9.220|      14.1270|             0.8500|
|GRB110812899|  11.264|    3.727|       1.5528|             0.4359|
|GRB130404428|   3.328|    1.493|       3.8691|             0.5558|
|GRB091128285|  76.289|    1.280|       7.4645|             0.9630|
|GRB110206202|  12.288|    1.639|       1.9359|             0.5974|
|GRB090623913|   7.168|    3.114|       2.5864|             0.5069|
|GRB120914144|  10.240|    4.048|       2.1144|             0.5065|
|GRB110529811|  34.816|    4.636|       1.5817|             0.4144|
|GRB101123952| 103.938|    0.572|      23.9581|             1.2723|
|GRB130216790|  12.992|    1.280|       6.3599|             0.7976|
|GRB110726211|  29.953|   10.608|       2.5622|             0.5306|
|GRB110806934|  28.416|    0.923|       2.4509|             0.3841|
|GRB101003244|   9.984|    1.448|       1.8386|             0.4789|
|GRB091227294|  21.888|    0.889|       3.1333|             0.7978|
|GRB130117087|  78.848|    2.636|       0.9614|             0.4031|
|GRB110302043|  38.336|    2.509|       1.9412|             0.4770|
|GRB100616773|   0.192|    0.143|       4.2410|             1.3386|
|GRB090331681|   0.832|    0.143|       3.9771|             0.8156|
|GRB120603439|   0.384|    0.345|       6.4828|             0.9393|
|GRB080829790|   7.680|    0.377|       2.7655|             0.9853|
|GRB100223110|   0.256|    0.091|       7.4860|             0.8682|
|GRB091231540|  15.616|    2.757|       0.8292|             0.4459|
|GRB111127810|  19.008|    2.548|       5.6580|             0.7556|
|GRB090908314|  71.937|    6.817|       2.3591|             0.4845|
|GRB111226795|  74.753|    8.749|       2.2376|             0.3961|
|GRB100503554| 139.779|    0.923|       5.7465|             0.5522|
|GRB101208203|   0.192|    1.478|       2.4160|             0.7523|
|GRB100517243|  29.633|    4.482|       1.4512|             0.6802|
|GRB081012045|   1.216|    1.748|       1.8210|             0.3740|
|GRB090904581|  38.401|    3.093|       0.8713|             0.3911|
|GRB080730520|  17.408|    6.229|       3.7033|             0.7474|
|GRB111124308|   8.960|    3.114|       0.9605|             0.3140|
|GRB091220442|  18.368|    0.590|       3.4317|             0.9536|
|GRB120415891|   0.960|    0.264|       1.5931|             0.3143|
|GRB110729142| 408.582|    2.290|       4.5933|             0.6208|
|GRB120111051|  76.801|    5.514|       1.5970|             0.4922|
|GRB110722694|  73.473|   11.404|       3.1865|             0.6363|
|GRB090411991|  14.336|    1.086|       3.8395|             0.9631|
|GRB080808565|  17.728|    1.489|       2.4473|             0.7442|
|GRB100719989|  21.824|    1.305|      39.9774|             2.3102|
|GRB110626448|   6.400|    1.145|       2.1508|             0.4813|
|GRB120213606|  13.824|    3.328|       4.9310|             0.5610|
|GRB100423244|  16.512|    2.226|       2.5885|             0.5897|
|GRB111216389|  81.921|    0.724|       9.2021|             1.0092|
|GRB110706202|  12.032|    4.382|       2.3929|             0.3825|
|GRB110119931| 205.828|    1.864|       2.8407|             0.5471|
|GRB100919884|  49.601|    2.975|       2.3806|             0.5628|
|GRB090429753|   0.640|    0.466|       3.7813|             0.8257|
|GRB110517573|  23.040|    0.362|       5.5254|             0.6087|
|GRB120806007|  26.624|    1.557|       3.2261|             0.4668|
|GRB121122870| 125.439|    0.724|       3.2935|             0.5962|
|GRB120528442|  16.384|    5.177|       2.8717|             0.5729|
|GRB110625881|  26.881|    0.572|      39.7742|             1.5506|
|GRB130217688|  14.848|    2.202|       1.9357|             0.5731|
|GRB100924165|   9.024|    0.362|       5.5460|             0.5945|
|GRB120412920| 101.182|    4.871|       3.6740|             0.6887|
|GRB110706977|  33.217|    4.007|       2.9536|             0.5655|
|GRB120624309|   0.640|    0.160|      48.9318|             1.3144|
|GRB090807832|  17.920|    2.757|       4.9783|             0.4964|
|GRB081216531|   0.768|    0.429|      16.6573|             1.2743|
|GRB111105457|  43.264|    0.572|       1.6201|             0.4781|
|GRB080818945|  13.376|    0.410|       2.4102|             0.7265|
|GRB110102788| 253.956|    2.049|       8.6109|             0.6478|
|GRB101127093|  29.440|    4.471|       0.8497|             0.4081|
|GRB130318456| 121.088|    1.448|       1.6700|             0.5647|
|GRB080714086|   5.376|    2.360|       1.5215|             0.7395|
|GRB120227391|  19.712|    1.717|       3.4294|             0.9176|
|GRB121211695|   8.960|    1.864|       2.1052|             0.4080|
|GRB080725541|   0.960|    1.292|       2.9929|             0.7758|
|GRB100414097|  26.497|    2.073|      14.5103|             1.0478|
|GRB101207536|  61.441|    3.727|       3.0649|             0.4944|
|GRB110529262|  45.825|    1.810|       7.3207|             0.7064|
|GRB090206620|   0.320|    0.143|       6.5781|             0.7252|
|GRB080920268| 113.921|    3.125|       1.1914|             0.5739|
|GRB120624933| 271.364|    4.580|       9.9939|             0.7106|
|GRB110415541| 166.146|    0.810|       3.1527|             0.6777|
|GRB091202219| 118.274|    8.942|       1.8772|             0.5012|
|GRB100522157|  35.326|    0.715|       8.9111|             0.9483|
|GRB120130906|   3.584|    1.379|       1.3003|             0.2892|
|GRB090301315|  23.296|    2.064|       2.0619|             0.6267|
|GRB120716712| 226.048|    1.056|       7.7284|             0.7611|
|GRB101112984|  82.944|    1.717|       1.4661|             0.4373|
|GRB090703329|   8.960|    1.864|       1.8384|             0.4474|
|GRB120302722|   1.600|    0.779|       1.9772|             0.4526|
|GRB120224898|  29.184|    4.222|       1.4126|             0.3581|
|GRB100417789|  52.545|    1.856|       1.6402|             0.8595|
|GRB080715950|   7.872|    0.272|      10.6985|             0.9456|
|GRB101211485|  13.568|    7.030|       2.6415|             0.5849|
|GRB110926107|  75.265|    1.280|       3.8919|             0.6026|
|GRB120420858| 254.913|    4.222|       3.4900|             0.6705|
|GRB130307238|  63.488|    1.846|       1.6888|             0.5675|
|GRB091103912|  13.568|    6.023|       4.1621|             0.6260|
|GRB110601681|  52.206|   13.350|       2.8887|             0.4109|
|GRB090428552|  31.488|   11.846|       2.5112|             0.9569|
|GRB100313509|  34.048|    2.996|       1.0233|             0.3789|
|GRB110531448|  38.656|    2.360|       1.0279|             0.3662|
|GRB091201089|  12.992|    2.010|       1.0034|             0.4495|
|GRB130219626|   1.536|    1.405|       4.1586|             0.6235|
|GRB091005679|   6.976|    0.572|       1.7029|             0.6970|
|GRB120608777|  24.832|    3.840|       2.3730|             0.5429|
|GRB120609580|   1.792|    0.810|       1.7315|             0.4422|
|GRB100713980|   7.616|    0.529|       3.4204|             0.6150|
|GRB100905907|  11.520|    1.145|       2.4569|             0.6080|
|GRB130215063| 143.746|   13.029|       2.0556|             0.4756|
|GRB100206563|   0.176|    0.072|      12.8210|             0.8554|
|GRB110412315|  20.733|    4.636|       1.6806|             0.3502|
|GRB091123081|  15.552|    1.866|       2.0854|             0.6331|
|GRB120512112|  18.176|    1.350|       4.0134|             0.4130|
|GRB100612545|   0.576|    0.181|       5.2734|             0.9695|
|GRB090530760| 157.699|    2.862|       6.3584|             0.6492|
|GRB090925389|  25.472|    3.525|       3.2718|             0.9668|
|GRB121104627|  59.137|    7.241|       1.6886|             0.4437|
|GRB121102064|   2.048|    1.379|       0.7917|             0.2853|
|GRB081009690|  34.560|    2.064|       3.9840|             0.6772|
|GRB100116897| 102.530|    1.485|       7.8287|             1.0330|
|GRB111228453|   2.944|    0.979|       4.1048|             0.5197|
|GRB090626707|        |         |             |                   |
|GRB121012724|   0.448|    0.091|       6.2917|             0.6765|
|GRB130216927|   6.592|    0.345|       7.6166|             0.6425|
|GRB100621529|   1.024|    0.202|       1.5484|             0.6384|
|GRB100225249|  32.000|   20.419|       1.2547|             0.6103|
|GRB100111176|  19.520|    5.367|       1.1825|             0.9054|
|GRB110825102|  62.465|    0.231|      36.3033|             1.3037|
|GRB101015558| 508.168|    2.673|       2.4207|             0.4792|
|GRB090915650|  76.609|    1.559|       2.0093|             0.8260|
|GRB100228544|  67.072|    4.720|       0.9713|             0.7275|
|GRB110307972|   2.304|    3.444|       3.0613|             0.5113|
|GRB090617208|   0.192|    0.143|       9.7440|             0.8053|
|GRB130116415|  66.816|    6.085|       2.3835|             0.7960|
|GRB100413732| 184.067|    7.786|       1.9015|             0.5421|
|GRB100811108|   0.384|    0.091|       7.2999|             0.6872|
|GRB110227229|  18.432|    2.187|       2.1587|             0.5311|
|GRB100210101|  29.184|    5.655|       1.7404|             0.7175|
|GRB120727681|  10.496|    1.639|       6.6909|             0.5888|
|GRB110228792|  17.152|    2.360|       0.8076|             0.2570|
|GRB100131730|   3.520|    0.453|      19.5111|             1.3625|
|GRB120122300|  16.701|    1.881|       2.0803|             0.5560|
|GRB110220761|  33.024|    8.738|       1.9344|             0.3868|
|GRB081022364|  17.152|    3.727|       1.4111|             0.3844|
|GRB090424592|  14.144|    0.264|      64.9839|             1.8830|
|GRB091208410|  12.480|    5.018|      11.0772|             1.4282|
|GRB120905657| 195.587|   16.795|       1.7089|             0.3467|
|GRB081107321|   1.664|    0.234|       5.0838|             0.7870|
|GRB090323002| 133.890|    0.572|       9.1611|             0.6626|
|GRB120830702|  49.665|    4.382|       2.6870|             0.4338|
|GRB100709602| 100.098|    1.527|       3.0397|             1.0566|
|GRB091215234|   4.352|    0.362|       1.2882|             0.3472|
|GRB120824594| 111.618|    7.241|       1.5587|             0.4256|
|GRB101231067|  23.613|    0.572|       9.8412|             0.9281|
|GRB110906302|  23.936|    2.550|       3.3656|             0.5710|
|GRB090629543|  20.480|    4.762|       0.8000|             0.3425|
|GRB090612619|  37.120|    1.717|       5.1760|             0.5288|
|GRB121210081|  12.800|    3.238|       1.5604|             0.5135|
|GRB080925775|  31.744|    3.167|       8.5766|             0.9122|
|GRB090423330|   7.168|    2.415|       1.2609|             0.4745|
|GRB091224373|   0.768|    0.231|       3.0407|             0.8739|
|GRB111228657|  99.842|    2.111|       7.2978|             0.6777|
|GRB100814351|   7.424|    0.923|       3.9689|             0.6109|
|GRB100502356|  95.810|    2.382|       3.3598|             0.6142|
|GRB081009140|  41.345|    0.264|      39.9325|             2.4870|
|GRB120430980|  14.592|    2.172|       0.7619|             0.4396|
|GRB100719825|   3.072|    3.114|       1.1801|             0.5367|
|GRB100228873|   8.704|    2.318|       1.2098|             0.7373|
|GRB100516396|   0.640|    0.487|       1.7473|             0.4657|
|GRB100101988|   1.984|    2.049|       1.3399|             0.5501|
|GRB130109206|   8.960|    1.208|       3.5263|             0.4649|
|GRB110622158|  70.401|    0.773|       8.1448|             0.6970|
|GRB100717446|   2.432|    1.356|       2.3884|             0.4486|
|GRB100527795| 190.979|    6.759|       4.5178|             0.5607|
|GRB090522344|  20.288|    6.262|       1.9518|             0.8054|
|GRB110428338| 101.634|    2.919|       4.5521|             0.5859|
|GRB100301223|  26.625|    1.431|       2.5696|             0.8017|
|GRB110728056|   0.704|    0.231|       2.6498|             0.4832|
|GRB100625891|  29.184|    1.086|       1.1285|             0.3235|
|GRB080804456| 521.862|    4.291|       1.4010|             0.3939|
|GRB100608382|  30.208|    1.619|       1.6195|             0.4079|
|GRB090907808|   0.832|    0.320|       4.6580|             0.5119|
|GRB120519721|   1.056|    0.451|       6.1012|             0.8435|
|GRB100130777|  86.018|    6.988|       2.1615|             0.6873|
|GRB100318611|  18.432|    0.923|       1.6053|             0.8215|
|GRB081024891|   0.640|    0.264|       3.6028|             0.5639|
|GRB090131090|  35.073|    1.056|      13.7723|             1.5179|
|GRB081110601|  11.776|    2.573|      10.9993|             1.0180|
|GRB121223300|  11.005|    0.724|       5.5606|             0.5187|
|GRB100410356|   9.728|    2.202|       0.8775|             0.3369|
|GRB091030828|  98.050|    4.128|       5.6909|             0.9030|
|GRB110820476|  11.264|    7.331|       1.1125|             0.4001|
|GRB101213451|  45.057|    1.950|       3.4945|             0.8566|
|GRB081102365|   1.728|    0.231|       2.9068|             0.5692|
|GRB090811696|  14.848|    1.145|       2.1431|             0.8271|
|GRB100513879|  11.136|    1.145|       3.6519|             0.8499|
|GRB101107011| 375.814|    8.444|       1.8208|             1.2248|
|GRB120814201|   0.896|    1.032|       3.5669|             0.9428|
|GRB090712160|  94.722|    6.700|       1.6490|             0.4179|
|GRB081229675|   0.032|    0.045|       5.3717|             0.7475|
|GRB130115716|  13.568|    1.846|       2.6104|             0.4952|
|GRB090704242|  69.889|    5.724|       2.6027|             0.8825|
|GRB120328268|  29.697|    1.056|      19.8825|             0.9056|
|GRB090717111|   0.384|    0.181|       1.9355|             0.5011|
|GRB130307126|   0.384|    0.091|       4.3600|             0.5983|
|GRB111117510|   0.432|    0.082|       6.2425|             0.7138|
|GRB110709463|  24.061|    0.722|       8.0433|             0.7997|
|GRB091221870|  23.040|    5.177|       3.3521|             0.7255|
|GRB091030613|  19.200|    0.871|       2.7935|             0.6389|
|GRB120327418|   0.256|    1.319|       3.4817|             0.8125|
|GRB120312671|  13.312|    3.167|       1.1740|             0.3592|
|GRB110904531|  20.480|    5.479|       2.1328|             0.5023|
|GRB121202181|  17.152|    1.999|       1.1501|             0.3260|
|GRB120102095|  28.416|    8.204|       9.1831|             0.8709|
|GRB110629174|  61.694|   18.690|       4.7738|             0.6712|
|GRB120727354|   0.896|    1.280|       0.7267|             0.2079|
|GRB100915243|   7.936|    3.367|       1.0402|             0.3612|
|GRB121005340| 141.568|    3.665|       1.9205|             0.4513|
|GRB090112729|  14.080|    5.126|       7.4195|             1.3228|
|GRB091017861|   2.624|    0.462|       1.2975|             0.4480|
|GRB090704783|  19.456|    2.064|       1.0260|             0.4256|
|GRB130104721|  26.368|    3.593|       3.3169|             0.5037|
|GRB120205285|   0.576|    0.272|       1.4821|             0.4005|
|GRB110331604|   3.200|    0.951|       0.9227|             0.3268|
|GRB091023021|   6.528|    1.857|       2.2929|             0.5887|
|GRB120222021|   1.088|    0.143|      10.9119|             0.7945|
|GRB081226156|  83.713|    2.769|       1.7986|             0.4579|
|GRB100816026|   2.045|    0.229|       9.8628|             1.0841|
|GRB101130074|   7.168|    3.482|       1.1296|             0.4676|
|GRB090708152|  21.248|    3.167|       0.7763|             0.3243|
|GRB100406758|   5.888|    2.919|       1.9593|             0.7103|
|GRB110401920|   2.368|    1.270|       6.9021|             0.8150|
|GRB081217983|  29.696|   12.892|       3.4953|             0.6367|
|GRB120913846|  33.792|    1.379|       0.9894|             0.2187|
|GRB100515467|  10.624|    1.431|       8.6527|             0.9974|
|GRB090902462|  19.328|    0.286|      47.0507|             1.9187|
|GRB090820027|  12.416|    0.181|      68.1226|             2.9755|
|GRB101220864|  31.745|    2.187|       3.0303|             0.7466|
|GRB080927480|  45.313|    3.083|       1.4425|             0.4358|
|GRB100208386|   0.192|    0.264|       1.1968|             1.0688|
|GRB110213876|   0.448|    0.870|       1.7456|             0.5170|
|GRB100804104|   6.592|    0.771|       9.3864|             1.1075|
|GRB100629801|   0.832|    0.373|      10.1061|             1.8029|
|GRB100528075|  22.464|    0.749|       7.3665|             1.0614|
|GRB110123804|  17.856|    0.810|       5.4225|             0.5580|
|GRB110128073|  12.160|    4.971|       1.4053|             0.4164|
|GRB111201599|  16.896|    3.974|       1.5073|             0.3963|
|GRB080730786|  13.312|    4.222|       8.7479|             0.9030|
|GRB110705364|  19.200|    0.923|       4.0185|             0.5137|
|GRB111112908|   0.224|    0.097|       7.9414|             0.6859|
|GRB120427054|   5.376|    0.572|      10.0993|             0.8547|
|GRB110301214|   5.693|    0.362|      48.6915|             1.7234|
|GRB100211440|  21.376|    0.923|       4.3875|             1.3151|
|GRB130331566|  13.824|    1.379|       8.0031|             1.0424|
|GRB120302080|  80.384|   16.927|       0.9133|             0.3473|
|GRB130106829|  11.264|    1.379|       1.6838|             0.4226|
|GRB120323507|   0.384|    0.036|     188.5770|             3.1859|
|GRB081119184|   0.320|    0.680|       2.4335|             0.6464|
|GRB100315361|  35.584|    2.290|       1.2203|             0.3972|
|GRB121211574|   5.632|    1.717|       1.3877|             0.3503|
|GRB090610883|   7.424|    1.639|       1.0245|             0.5228|
|GRB091126389|   0.024|    0.097|       2.1858|             0.4330|
|GRB100829876|   8.704|    0.389|      50.2956|             2.0761|
|GRB090730608|   9.088|    1.680|       3.4907|             0.4054|
|GRB081204517|   0.192|    0.286|       6.4471|             0.8301|
|GRB080830368|  40.897|    5.069|       2.9911|             0.7283|
|GRB120109824|  38.656|    3.114|       1.6755|             0.7228|
|GRB100530737|   3.328|    0.810|       1.3978|             0.5695|
|GRB100302061|   2.240|    1.605|       1.3829|             0.3883|
|GRB090419997| 184.323|    3.806|       2.0045|             0.4737|
|GRB110706728|  16.896|    6.339|       3.2960|             0.5995|
|GRB130220964|   6.400|    0.810|      11.5328|             0.6509|
|GRB090529310|   3.072|    0.362|       1.9362|             0.7158|
|GRB100212550|   3.773|    0.270|       2.9592|             0.7220|
|GRB090227772|   0.304|    0.023|      38.4254|             1.4812|
|GRB110413938|  54.272|    2.172|       1.0446|             0.3753|
|GRB110217591|  60.672|   11.611|       0.8242|             0.3170|
|GRB090528516|  79.041|    1.088|       8.4471|             0.8522|
|GRB101225377|  81.218|   35.377|       4.4489|             0.6335|
|GRB080924766|  39.937|    4.222|       2.2896|             0.6936|
|GRB080821332|   5.888|    0.264|       5.4883|             1.0348|
|GRB081206275|  24.576|    5.724|       2.0099|             0.7978|
|GRB120217904|   2.624|    0.300|      23.5380|             1.2115|
|GRB080724401| 379.397|    2.202|      10.7115|             0.6581|
|GRB100307928|  16.128|    2.187|       2.0753|             0.7100|
|GRB110304071|  19.520|    1.498|       3.9613|             0.7027|
|GRB090102122|  26.624|    0.810|      10.0147|             0.9669|
|GRB120814803|   0.192|    0.272|       2.8133|             0.4619|
|GRB081223419|   0.576|    0.143|       7.7044|             0.8774|
|GRB090113778|  17.408|    3.238|       3.6071|             0.7141|
|GRB090328713|   0.192|    1.032|       5.8035|             0.5532|
|GRB100929315|   4.608|    1.305|       1.5467|             0.4752|
|GRB121221916|  38.913|    2.290|       1.8268|             0.4018|
|GRB111230683|  28.160|    1.557|       2.9795|             0.8621|
|GRB111203054|  55.553|    5.684|       3.8438|             0.5446|
|GRB110831282|  98.881|    3.138|       2.5410|             0.5001|
|GRB100831651|  40.193|   11.986|       1.1854|             0.4185|
|GRB100225703|   4.480|    1.431|       2.3217|             0.6034|
|GRB100805300|   0.064|    0.072|      11.3504|             1.7842|
|GRB090802235|   0.048|    0.023|      16.0392|             1.2791|
|GRB090126227|   5.632|    0.810|       1.4742|             0.6696|
|GRB110311812|   6.400|    1.639|       2.1387|             0.5338|
|GRB110928180| 148.226|    1.925|       3.6955|             0.5530|
|GRB111231622|   8.256|    4.136|       2.8359|             1.2499|
|GRB120612680|  63.232|    7.886|       1.3628|             0.3775|
|GRB101224614|  25.601|    3.416|       1.6095|             0.4613|
|GRB110813237|  22.784|    3.114|       3.8800|             0.5550|
|GRB120703417|  64.513|    3.083|       3.5810|             0.5625|
|GRB110101506| 235.523|    8.256|       1.5981|             0.4496|
|GRB090207777|  24.832|    3.899|       1.8569|             0.4012|
|GRB120520949|   5.760|    1.356|       1.6963|             0.3503|
|GRB100216422|   0.192|    0.143|       4.4618|             0.7599|
|GRB081003644|  50.177|    3.692|       2.5590|             0.9750|
|GRB090610648|   6.144|    8.136|       1.9029|             0.6478|
|GRB120120432|  32.256|    6.481|       1.4031|             0.4179|
|GRB110226989|  14.080|    0.923|       1.3657|             0.4613|
|GRB110904124|  83.905|    3.853|       4.1974|             0.6464|
|GRB110124784|   5.376|    2.202|       0.8891|             0.2948|
|GRB110921577|  40.705|    1.810|       1.7248|             0.5092|
|GRB110101202|   3.584|    1.493|       1.3797|             0.4335|
|GRB091003191|  20.224|    0.362|      22.1866|             2.1131|
|GRB120916173|  52.993|    0.810|       1.3300|             0.4652|
|GRB090726218|   7.680|    0.724|       0.8595|             0.3823|
|GRB120702891|  35.073|    4.924|       1.1590|             0.4111|
|GRB090228976|   7.936|    1.379|       1.1432|             0.3846|
|GRB120217808|   5.888|    2.862|       3.4757|             0.7292|
|GRB101008697|   8.960|    1.846|       2.6235|             0.5645|
|GRB091112928|  21.184|    0.977|       2.4918|             0.6747|
|GRB100621452| 122.626|    0.923|       2.3188|             0.4448|
|GRB100219026|  59.712|    4.955|       2.9418|             1.0797|
|GRB110130230|  47.360|    2.187|       1.2280|             0.3464|
|GRB091209001|  42.945|    8.035|       3.7638|             0.9525|
|GRB120509619|   0.704|    1.404|       1.7873|             0.4821|
|GRB121125469|  12.864|    4.844|       1.0865|             0.3254|
|GRB081105614|   1.280|    1.368|       3.5032|             0.6914|
|GRB110920338|   9.728|    0.810|       4.1196|             0.6396|
|GRB091107635|  11.008|   10.546|       1.6978|             0.3212|
|GRB101112924|   9.472|    2.996|       4.1800|             0.7450|
|GRB100923844|  51.713|    5.838|       1.9052|             0.5578|
|GRB090428441|   3.968|    1.506|       5.0838|             0.8969|
|GRB081122520|  23.296|    2.111|       9.4373|             1.0494|
|GRB120105584|  22.528|    2.202|       1.4206|             0.3608|
|GRB110705151|   0.192|    0.036|      18.2507|             1.3184|
|GRB120713226|  13.824|    3.435|       1.0412|             0.4146|
|GRB110916016|   1.792|    1.993|       1.6525|             0.4640|
|GRB090422150|   9.216|    0.362|       1.7116|             0.4279|
|GRB111208353|  40.961|    4.345|       1.3960|             0.4201|
|GRB080802386|   0.576|    0.091|       6.3299|             1.1162|
|GRB130219775|  96.129|    0.405|       8.8540|             0.7839|
|GRB100614498| 172.291|   12.447|       1.6404|             0.7978|
|GRB110709642|  43.201|    0.405|       8.1759|             0.8485|
|GRB130118482|  21.568|   14.999|       0.7979|             0.2546|
|GRB100525744|   1.472|    1.974|       5.6049|             0.9607|
|GRB121011469|  65.793|    4.382|       1.6939|             0.3961|
|GRB120224282|  60.929|    3.093|       2.7399|             0.5511|
|GRB090126245|   0.960|    0.231|       2.4059|             0.4846|
|GRB100718796|  38.656|    8.002|       1.0934|             0.3597|
|GRB120605453|  18.112|    1.086|       5.9362|             0.7073|
|GRB130204484|   0.192|    0.091|       4.1482|             0.6890|
|GRB111010709|  52.993|    0.923|       3.0182|             0.4825|
|GRB110903009|  27.133|    0.571|       7.9597|             0.9014|
|GRB110107886| 183.555|   24.407|       1.6172|             0.4203|
|GRB091109895|  30.977|    4.580|       5.1848|             0.6334|
|GRB100902990|  22.272|    3.338|       1.6815|             0.4690|
|GRB080816503|  64.769|    1.810|       5.6403|             0.7107|
|GRB100609783| 111.618|    2.111|       2.6285|             0.5044|
|GRB130406354|   2.560|    1.619|       1.2429|             0.4032|
|GRB110422029|   0.320|    0.453|       2.7608|             0.4072|
|GRB110328520|  83.970|    3.482|       4.3819|             0.6293|
|GRB090520832|   0.768|    0.834|       2.7647|             1.0069|
|GRB100424876| 169.987|    3.557|       3.1827|             0.8121|
|GRB101010190|  65.025|    6.165|       1.2449|             0.4189|
|GRB101027230|   1.344|    1.802|       2.8260|             0.6026|
|GRB111010237|  82.433|    8.444|       1.7772|             0.4850|
|GRB130409960|  26.112|    1.056|       4.1765|             0.6005|
|GRB090817036|  52.417|   10.657|       3.5254|             0.7018|
|GRB130407800|  32.000|    9.137|       1.0738|             0.3417|
|GRB080919790|   0.512|    0.405|       0.9918|             0.2962|
|GRB110609185|   9.984|    4.471|       0.9822|             0.4381|
|GRB111109873|   9.664|    6.457|       8.8103|             2.4935|
|GRB101025267|  30.976|    0.923|       0.9265|             0.5787|
|GRB090222179|  17.408|    3.238|       2.1647|             0.7044|
|GRB121117018| 331.782|    4.048|       2.1007|             0.4019|
|GRB081130212|   2.240|    1.002|       1.2200|             0.4717|
|GRB101224227|   1.728|    1.680|       2.7710|             0.4365|
|GRB090108020|   0.704|    0.143|      13.1317|             0.7542|
|GRB090814950| 108.610|    8.816|       3.2232|             0.9611|
|GRB101101744|   3.328|    2.862|       2.1791|             0.5097|
|GRB101220576|  72.449|    4.048|       3.3515|             0.8746|
|GRB120703498|  77.568|    2.187|       1.8952|             0.5375|
|GRB080806896|  75.777|    4.185|       3.8278|             0.8532|
|GRB121122564|   8.704|    0.724|       1.3712|             0.3927|
|GRB130314147| 142.851|    2.360|       2.6007|             0.4763|
|GRB120504468|  41.985|    2.673|       1.0074|             0.3777|
|GRB100706693|   0.128|    0.143|       2.3988|             0.6945|
|GRB110106893|  35.521|    3.612|       1.5218|             0.4996|
|GRB100328141|   0.384|    0.143|       6.5266|             0.6181|
|GRB090403314|  14.848|    1.846|       1.4096|             0.3991|
|GRB101021063|   1.536|    2.360|       2.4313|             0.4726|
|GRB090529564|   9.853|    0.179|      15.7348|             1.1543|
|GRB110117364|  72.448|    9.051|       2.1488|             0.7710|
|GRB100802240|  28.672|    3.167|       1.5407|             0.4346|
|GRB120118898|  17.152|    2.111|       7.4044|             0.7178|
|GRB080805496|  29.440|    3.566|       1.0984|             0.3687|
|GRB100411516|   0.512|    0.231|       3.3739|             0.4718|
|GRB110710954|  22.720|    1.604|       9.4642|             0.8897|
|GRB121122885|   7.936|    0.572|      22.1758|             2.8232|
|GRB101223834|  56.065|    5.497|       0.9302|             0.2918|
|GRB121220311|   5.120|    0.810|       0.6707|             0.2273|
|GRB120226871|  52.993|    0.572|       6.5648|             0.6812|
|GRB081126899|  54.145|    0.923|       4.2751|             0.8146|
|GRB130206482|  11.264|    1.950|       8.3069|             0.5917|
|GRB110213220|  34.305|    1.639|       6.4888|             0.8523|
|GRB110522296|  27.136|    1.950|       1.3795|             0.4152|
|GRB120819048|  66.304|    1.379|       1.5880|             0.4261|
|GRB100212588|   4.864|    1.305|       1.4749|             0.4824|
|GRB121124606|   0.256|    0.842|       1.5780|             0.3595|
|GRB090320801|  29.184|    4.536|       2.0025|             0.4748|
|GRB120729456|  25.472|    2.612|       2.3873|             0.4858|
|GRB090109332|   1.728|    0.820|       1.9352|             0.8193|
|GRB120427153|  22.784|    1.999|       0.8021|             0.3938|
|GRB110421757|  40.449|    0.923|       3.1838|             0.4841|
|GRB100417166|   0.192|    0.091|       4.2153|             0.7063|
|GRB090831317|  39.424|    0.572|      19.2715|             1.5584|
|GRB091020900|  24.256|    7.973|       3.7206|             1.0747|
|GRB120625119|   7.424|    0.571|      10.7418|             1.0377|
|GRB100714672|  35.584|    5.126|       3.3450|             1.0024|
|GRB130208684|  41.472|    2.360|       1.8516|             0.4272|
|GRB090511684|   7.616|    1.605|       1.9376|             0.6817|
|GRB130305486|  25.600|    1.557|      14.9722|             1.0218|
|GRB130112286|  35.328|    1.846|       4.6760|             0.5827|
|GRB120226447|  14.592|    3.916|       4.6480|             1.2170|
|GRB110605183|  82.689|    3.083|       5.2473|             0.6894|
|GRB090815946| 245.508|   17.169|       1.1417|             0.4935|
|GRB120101354|   0.128|    0.072|       4.6060|             0.5396|
|GRB081102739|  34.816|    2.415|       1.8303|             0.7555|
|GRB090902401|   3.200|    1.797|       3.6562|             0.7441|
|GRB090815438|  30.465|    3.566|       2.7756|             0.5367|
|GRB090909487|  14.336|    2.896|       5.1137|             1.5725|
|GRB130304410|  67.841|    2.862|       7.0969|             1.2095|
|GRB081215784|   5.568|    0.143|      70.6130|             2.1323|
|GRB121128212|  17.344|    0.923|      10.8215|             1.0468|
|GRB090429530|  14.336|    4.007|       2.3710|             1.1581|
|GRB091223511|  49.725|    1.379|       2.2526|             0.8181|
|GRB120522361|  28.160|    8.039|       5.4919|             0.7904|
|GRB130228111| 107.778|    1.448|       3.2024|             0.4643|
|GRB120308588|  25.600|    1.557|       8.7681|             1.1995|
|GRB110522256|  28.160|    2.673|       1.3736|             0.4038|
|GRB121125356|  49.857|    2.099|       3.0533|             0.4855|
|GRB101204343|   0.128|    0.091|       4.0834|             0.6254|
|GRB100906576| 110.594|    2.828|       8.0884|             0.7961|
|GRB100722291|   1.280|    0.905|       1.8068|             0.5102|
|GRB081113230|   0.576|    1.350|       3.9645|             0.9885|
|GRB120616630|   0.048|    0.484|       3.2504|             0.8018|
|GRB130404877|   0.960|    1.729|       2.4812|             0.5116|
|GRB091024380| 450.569|    2.360|       2.1453|             0.5790|
|GRB091024372|  93.954|    5.221|       2.5423|             0.6570|
|GRB081229187|   0.768|    0.724|       2.6559|             0.5986|
|GRB120114681|  43.264|    5.804|       1.4747|             0.4583|
|GRB090306245|  27.904|   14.857|       1.2691|             0.3494|
|GRB100519204|  62.913|    3.929|       2.8774|             0.7975|
|GRB080806584|   2.304|    0.453|       1.1902|             0.6187|
|GRB120926335|   4.288|    1.833|       7.8290|             0.6255|
|GRB120206949|   9.472|    3.338|      13.1981|             1.1394|
|GRB101202154|  18.432|    3.665|       3.7438|             0.9185|
|GRB120130938|  38.913|    7.455|       4.4192|             0.7839|
|GRB100506653|  21.376|    1.891|       1.9738|             0.7419|
|GRB120715066|  29.696|    3.083|       2.1395|             0.6013|
|GRB090814368|   0.192|    0.045|       6.1347|             0.6853|
|GRB110903111| 341.254|    2.288|       3.8485|             0.5778|
|GRB100911816|   5.632|    1.999|       1.5827|             0.3480|
|GRB090219074|   0.448|    0.272|       2.7788|             0.9723|
|GRB120129580|   3.072|    0.362|     112.9720|             2.9915|
|GRB130215649|  58.113|    1.557|       5.2046|             1.0240|
|GRB120716577|  24.960|    3.958|       2.0330|             0.6006|
|GRB130224370|  70.913|    4.291|       2.0924|             0.4277|
|GRB090107681|  18.432|    2.896|       2.3656|             1.6261|
|GRB101119685|   0.640|    0.607|       2.5800|             0.6981|
|GRB090824918|  59.905|   10.014|       2.3844|             1.1357|
|GRB121113544|  95.490|    2.611|       5.4096|             0.7647|
|GRB100304004| 181.507|   21.682|       2.6050|             1.3099|
|GRB091106762|  14.592|   16.147|       2.0712|             1.4768|
|GRB081025349|  22.528|    0.724|       2.9820|             0.6806|
|GRB090225009|   2.176|    2.833|       1.0470|             0.6795|
|GRB090620400|  13.568|    0.724|      13.1838|             0.7787|
|GRB100714686|   5.632|    2.064|       9.5451|             1.0927|
|GRB110402009|  35.649|    1.461|      11.9046|             1.5059|
|GRB120415958|  12.544|    1.717|       2.5137|             0.6493|
|GRB081024245|   0.832|    1.282|       3.7835|             0.8110|
|GRB080809808|  28.160|    2.896|       2.5885|             1.1896|
|GRB100410740|  22.016|    4.700|       5.2035|             2.3690|
|GRB090912660| 150.787|    2.360|       1.5864|             0.4609|
|GRB121019233|  14.336|    7.907|       2.2166|             0.5205|
|GRB090621185| 106.754|   14.373|       1.9335|             0.7055|
|GRB130325005|   0.640|    0.453|       2.8425|             0.4706|
|GRB100811781|  78.080|    3.840|       1.9936|             0.4806|
|GRB100929235|   8.192|    2.360|       1.0955|             0.3050|
|GRB120811649|  14.336|    6.557|       3.3383|             0.8170|
|GRB110722710|  14.336|    2.721|       2.2752|             0.5523|
|GRB120911298|  22.016|    1.833|       1.8515|             0.5053|
|GRB121118576|  33.277|    0.808|      17.2317|             0.9083|
|GRB081115891|   0.320|    0.653|       2.6998|             0.4963|
|GRB130106995|  70.401|    0.572|       2.6581|             0.6758|
|GRB081209981|   0.192|    0.143|      11.8246|             1.2140|
|GRB090709630|  22.272|    9.230|       2.0350|             0.6044|
|GRB110428388|   5.632|    0.181|      18.6082|             0.9168|
|GRB080727964|  89.089|    6.476|       2.6460|             0.4777|
|GRB110112934|   2.304|    2.538|       4.8522|             0.6865|
|GRB110221244|  13.056|    1.846|       2.1482|             0.4836|
|GRB111018595|   8.192|    1.864|       1.8810|             0.4522|
|GRB130408653|   9.216|    3.665|       3.7380|             0.6762|
|GRB110919634|  35.073|    3.974|       6.5271|             0.8376|
|GRB111012811|   7.936|    1.145|      12.7565|             0.7686|
|GRB090425377|  75.393|    2.450|       6.7138|             1.7864|
|GRB120915000|   0.576|    1.318|       3.0530|             0.6246|
|GRB110529034|   0.512|    0.091|      22.4590|             0.9765|
|GRB110430375|  32.513|    1.717|       2.1626|             0.4468|
|GRB111012456|  20.736|    0.724|       6.8256|             0.9505|
|GRB090621922|   0.384|    1.032|       5.7999|             0.9103|
|GRB120326056|  11.776|    1.810|       2.8628|             0.4425|
|GRB111222619|   0.288|    0.036|      31.7564|             2.1451|
|GRB081207680|  97.281|    2.347|       3.3396|             0.7268|
|GRB080723985|  42.816|    0.659|       5.9236|             1.2287|
|GRB091115177|  37.376|    2.360|       1.1390|             0.4034|
|GRB090910812|  53.441|   13.334|       3.5423|             0.7157|
|GRB100827455|   0.576|    0.389|       9.3403|             0.8155|
|GRB091219462|   8.128|    1.866|       2.5396|             0.4754|
|GRB110131780|   0.384|    1.478|       2.1724|             0.5539|
|GRB090922539|  87.041|    0.810|       7.9762|             0.8698|
|GRB090305052|   1.856|    0.580|       4.8918|             0.5131|
|GRB110610640|  43.521|    2.862|       3.7673|             0.5320|
|GRB120513531|  23.808|    0.923|       1.3012|             0.3985|
|GRB081224887|  16.448|    1.159|      13.4561|             1.0756|
|GRB111005398|  30.720|    3.093|       1.3547|             0.3631|
|GRB120618128|  17.600|    1.820|       3.2479|             0.5063|
|GRB100724029| 114.690|    3.238|      13.2061|             0.7925|
|GRB091223191|   0.576|    0.181|       2.5629|             0.6065|
|GRB100725475| 146.434|    4.971|       2.0286|             1.3290|
|GRB091230712|  35.137|    3.974|       2.3344|             0.9196|
|GRB120822628|   1.536|    0.842|       0.8240|             0.2264|
|GRB090618353| 112.386|    1.086|      35.5003|             2.5688|
|GRB120530121|  77.054|    1.810|       2.7431|             0.5514|
|GRB091019750|   0.208|    0.172|       4.4818|             0.6924|
|GRB111018785|  29.697|    1.810|       1.2534|             0.4760|
|GRB080803772|  26.240|    1.691|       1.8579|             0.3543|
|GRB091012783|   0.704|    2.499|       9.3519|             1.0915|
|GRB090813174|   7.552|    0.362|      15.1617|             1.0988|
|GRB110201399|   8.192|    0.870|       3.2791|             0.9094|
